[3, 28, 13, 24, 23, 4, 4, 0, 8, 1, 0, 1, 2, 0, 4, 0, 0, 3, 0, 3, 0, 4, 8, 0, 1, 1, 0, 1, 0, 1, 0, 0, 1, 0, 0, 0, 0, 0, 1, 0]
[3, 11, 14, 24, 1, 26, 1, 4, 0, 7, 16, 1, 0, 1, 6, 1, 3, 3, 2, 0, 4, 5, 0, 1, 3, 0, 0, 1, 0, 1, 0, 0, 0, 0, 0, 0, 1, 0]
[3, 9, 15, 51, 1, 2, 0, 8, 1, 0, 1, 2, 4, 1, 4, 2, 2, 0, 4, 6, 0, 1, 2, 3, 0, 0, 1, 0, 0, 0, 0, 0, 0, 0, 0, 0, 1, 0, 0]
[3, 43, 14, 25, 0, 3, 0, 7, 1, 1, 1, 2, 4, 1, 4, 3, 2, 0, 4, 1, 8, 0, 1, 1, 3, 0, 0, 0, 1, 0, 0, 0, 0, 0, 0, 0, 0, 0]
[2, 46, 15, 1, 24, 1, 4, 0, 7, 1, 0, 1, 6, 1, 4, 3, 2, 0, 4, 1, 5, 3, 0, 1, 3, 0, 0, 1, 0, 0, 0, 0, 0, 0, 0, 0, 0, 1, 0, 0, 0, 0]
[3, 17, 15, 24, 26, 1, 4, 0, 7, 1, 7, 1, 0, 0, 0, 2, 3, 1, 3, 3, 0, 2, 0, 4, 1, 5, 0, 1, 1, 3, 0, 0, 1, 0, 0, 0, 0, 0, 0, 0, 0, 1, 0, 0, 0, 0]
[2, 42, 14, 23, 1, 4, 0, 6, 1, 1, 1, 0, 0, 2, 4, 1, 3, 2, 0, 2, 0, 4, 1, 4, 0, 1, 1, 1, 4, 0, 0, 0, 1, 1, 0, 0, 0, 0, 0, 0, 0, 1, 0, 0, 0]
[2, 54, 14, 1, 4, 0, 7, 1, 1, 1, 0, 0, 1, 4, 1, 4, 1, 2, 0, 4, 1, 5, 0, 1, 1, 4, 0, 0, 1, 0, 0, 0, 0, 0, 0, 0, 0, 0, 0, 0]
[2, 0, 7, 51, 1, 5, 1, 3, 7, 1, 1, 1, 0, 1, 2, 4, 1, 1, 4, 1, 7, 2, 0, 4, 1, 0, 6, 3, 0, 1, 0, 3, 1, 0, 1, 0, 0, 0, 0, 0, 0, 0, 0, 0, 0]
[3, 0, 14, 50, 5, 1, 4, 0, 6, 1, 3, 1, 1, 1, 1, 2, 4, 1, 1, 4, 1, 1, 0, 4, 1, 5, 1, 0, 1, 1, 1, 0, 1, 1, 1, 0, 0, 0, 0, 0, 0, 0, 0, 2, 0, 0, 0]
