(188, 279)
(188, 317)
(188, 302)
(188, 2)
(188, 278)
(188, 35)
(188, 250)
(188, 60)
(279, 317)
(279, 302)
(279, 2)
(279, 278)
(279, 35)
(80, 341)
(80, 96)
(80, 199)
(80, 198)
(80, 326)
(80, 231)
(80, 246)
(80, 101)
(317, 345)
(317, 205)
(317, 2)
(317, 218)
(317, 159)
(317, 245)
(317, 207)
(317, 266)
(317, 174)
(317, 124)
(302, 345)
(302, 205)
(302, 2)
(302, 218)
(302, 159)
(302, 245)
(302, 207)
(302, 266)
(302, 174)
(302, 124)
(96, 341)
(96, 191)
(96, 246)
(96, 101)
(96, 143)
(341, 191)
(341, 246)
(341, 101)
(345, 43)
(345, 197)
(345, 259)
(345, 266)
(345, 174)
(345, 124)
(205, 43)
(205, 197)
(205, 259)
(205, 266)
(205, 174)
(205, 124)
(191, 119)
(191, 312)
(191, 338)
(191, 208)
(163, 65)
(163, 333)
(163, 256)
(163, 83)
(163, 203)
(65, 197)
(65, 333)
(65, 259)
(65, 295)
(65, 94)
(197, 309)
(197, 333)
(197, 295)
(197, 94)
(43, 309)
(43, 339)
(43, 303)
(43, 135)
(43, 327)
(43, 230)
(312, 119)
(312, 240)
(312, 89)
(312, 156)
(312, 152)
(312, 125)
(312, 135)
(312, 21)
(312, 337)
(119, 240)
(119, 89)
(119, 156)
(119, 152)
(119, 125)
(119, 208)
(119, 62)
(119, 21)
(119, 337)
(333, 295)
(333, 94)
(333, 242)
(309, 327)
(309, 237)
(309, 142)
(89, 240)
(89, 169)
(89, 255)
(89, 164)
(89, 21)
(89, 337)
(240, 206)
(240, 56)
(240, 169)
(240, 311)
(240, 164)
(240, 62)
(240, 73)
(240, 21)
(256, 206)
(256, 56)
(256, 311)
(256, 73)
(256, 83)
(255, 169)
(255, 164)
(255, 5)
(255, 236)
(169, 5)
(206, 285)
(206, 184)
(206, 296)
(206, 217)
(206, 26)
(206, 73)
(56, 285)
(56, 184)
(56, 296)
(56, 217)
(56, 26)
(56, 73)
(120, 336)
(120, 328)
(120, 12)
(120, 88)
(336, 88)
(336, 12)
(328, 88)
(328, 12)
(260, 167)
(260, 318)
(260, 264)
(260, 228)
(260, 258)
(260, 108)
(260, 133)
(213, 167)
(213, 318)
(213, 264)
(213, 228)
(213, 258)
(213, 108)
(213, 133)
(209, 220)
(209, 140)
(52, 220)
(52, 140)
(52, 279)
(52, 188)
(52, 200)
(52, 109)
(52, 263)
(52, 185)
(72, 80)
(72, 149)
(72, 98)
(220, 188)
(220, 317)
(220, 302)
(220, 200)
(220, 109)
(140, 188)
(140, 317)
(140, 302)
(140, 200)
(140, 109)
(231, 246)
(231, 101)
(231, 341)
(231, 96)
(246, 191)
(101, 191)
(266, 43)
(266, 197)
(174, 43)
(174, 197)
(124, 43)
(124, 197)
(143, 230)
(143, 191)
(143, 119)
(143, 312)
(203, 83)
(203, 65)
(203, 333)
(203, 256)
(203, 179)
(203, 64)
(230, 337)
(230, 312)
(230, 89)
(208, 83)
(208, 62)
(208, 21)
(208, 256)
(208, 240)
(208, 276)
(208, 16)
(208, 179)
(208, 64)
(208, 297)
(295, 237)
(295, 142)
(295, 242)
(295, 309)
(94, 237)
(94, 142)
(94, 242)
(94, 309)
(337, 21)
(337, 240)
(337, 169)
(337, 255)
(337, 297)
(337, 180)
(21, 62)
(21, 73)
(21, 206)
(21, 56)
(21, 169)
(21, 320)
(21, 180)
(21, 297)
(62, 83)
(62, 73)
(62, 256)
(62, 206)
(62, 56)
(62, 179)
(62, 64)
(62, 41)
(62, 320)
(62, 180)
(83, 73)
(83, 206)
(83, 56)
(83, 90)
(83, 41)
(83, 320)
(83, 179)
(83, 64)
(237, 236)
(237, 330)
(237, 201)
(142, 236)
(142, 330)
(142, 201)
(73, 296)
(73, 217)
(73, 26)
(73, 41)
(73, 224)
(73, 106)
(73, 320)
(330, 236)
(330, 12)
(330, 336)
(330, 328)
(330, 201)
(26, 296)
(26, 217)
(26, 133)
(26, 260)
(26, 213)
(26, 224)
(26, 106)
(26, 281)
(26, 154)
(26, 59)
(296, 133)
(296, 260)
(296, 213)
(296, 224)
(296, 106)
(217, 133)
(217, 260)
(217, 213)
(217, 224)
(217, 106)
(12, 88)
(12, 51)
(12, 262)
(133, 167)
(133, 34)
(88, 209)
(88, 262)
(263, 200)
(263, 109)
(263, 220)
(263, 140)
(185, 200)
(185, 109)
(185, 220)
(185, 140)
(98, 149)
(149, 231)
(194, 231)
(200, 66)
(109, 66)
(13, 276)
(13, 16)
(13, 203)
(13, 215)
(13, 322)
(276, 179)
(276, 64)
(276, 203)
(276, 83)
(276, 62)
(276, 215)
(276, 74)
(276, 290)
(276, 107)
(276, 319)
(276, 322)
(16, 179)
(16, 64)
(16, 203)
(16, 83)
(16, 62)
(16, 215)
(16, 74)
(16, 290)
(16, 107)
(16, 319)
(16, 322)
(297, 320)
(297, 180)
(297, 62)
(297, 73)
(297, 319)
(297, 272)
(179, 90)
(179, 41)
(179, 320)
(179, 73)
(179, 74)
(179, 272)
(179, 290)
(179, 107)
(64, 90)
(64, 41)
(64, 320)
(64, 73)
(64, 74)
(64, 272)
(64, 290)
(64, 107)
(90, 224)
(90, 106)
(90, 242)
(90, 296)
(90, 217)
(90, 22)
(180, 320)
(180, 157)
(180, 73)
(180, 26)
(180, 272)
(320, 41)
(320, 224)
(320, 106)
(320, 296)
(320, 217)
(320, 26)
(320, 272)
(41, 90)
(41, 224)
(41, 106)
(41, 296)
(41, 217)
(41, 26)
(41, 22)
(201, 236)
(201, 12)
(157, 281)
(157, 154)
(157, 59)
(157, 301)
(157, 126)
(157, 28)
(224, 133)
(224, 22)
(224, 314)
(224, 181)
(224, 93)
(224, 58)
(106, 133)
(106, 22)
(106, 314)
(106, 181)
(106, 93)
(106, 58)
(301, 281)
(301, 154)
(301, 59)
(301, 226)
(301, 315)
(301, 221)
(301, 196)
(301, 14)
(126, 281)
(126, 154)
(126, 59)
(126, 226)
(126, 315)
(126, 221)
(126, 196)
(126, 14)
(28, 281)
(28, 154)
(28, 59)
(28, 226)
(28, 315)
(28, 221)
(28, 196)
(28, 14)
(281, 34)
(281, 226)
(281, 315)
(281, 221)
(281, 196)
(281, 14)
(154, 34)
(154, 226)
(154, 315)
(154, 221)
(154, 196)
(154, 14)
(59, 34)
(59, 226)
(59, 315)
(59, 221)
(59, 196)
(59, 14)
(262, 209)
(51, 263)
(51, 185)
(51, 52)
(315, 226)
(315, 149)
(315, 98)
(315, 72)
(221, 226)
(221, 149)
(221, 98)
(221, 72)
(196, 226)
(196, 149)
(196, 98)
(196, 72)
(14, 226)
(14, 149)
(14, 98)
(14, 72)
(226, 34)
(226, 149)
(226, 98)
(226, 72)
(34, 194)
(34, 149)
(153, 13)
(66, 95)
(66, 178)
(66, 92)
(66, 257)
(66, 138)
(66, 166)
(66, 292)
(244, 99)
(178, 95)
(178, 186)
(178, 254)
(178, 18)
(178, 166)
(178, 282)
(92, 95)
(92, 186)
(92, 254)
(92, 18)
(92, 166)
(92, 282)
(95, 343)
(95, 186)
(95, 254)
(95, 304)
(95, 247)
(95, 282)
(95, 166)
(343, 346)
(343, 151)
(343, 186)
(343, 57)
(343, 17)
(343, 348)
(343, 229)
(343, 49)
(343, 3)
(343, 282)
(343, 304)
(343, 247)
(346, 202)
(346, 50)
(346, 151)
(346, 99)
(346, 348)
(346, 229)
(346, 49)
(346, 3)
(346, 57)
(346, 17)
(215, 74)
(215, 290)
(215, 107)
(215, 179)
(215, 64)
(18, 254)
(18, 305)
(18, 141)
(254, 186)
(254, 282)
(254, 305)
(254, 141)
(186, 282)
(151, 202)
(151, 50)
(151, 297)
(151, 348)
(151, 229)
(151, 49)
(151, 3)
(202, 319)
(202, 297)
(202, 269)
(50, 319)
(50, 297)
(50, 269)
(322, 215)
(322, 74)
(322, 290)
(322, 107)
(322, 319)
(322, 179)
(322, 64)
(322, 269)
(74, 90)
(74, 41)
(319, 290)
(319, 107)
(319, 272)
(319, 179)
(319, 64)
(319, 41)
(319, 320)
(319, 180)
(319, 332)
(319, 269)
(290, 74)
(290, 272)
(290, 90)
(290, 41)
(290, 320)
(290, 332)
(107, 74)
(107, 272)
(107, 90)
(107, 41)
(107, 320)
(107, 332)
(38, 201)
(38, 40)
(272, 41)
(272, 224)
(272, 106)
(272, 332)
(22, 314)
(22, 181)
(22, 93)
(22, 58)
(22, 145)
(314, 34)
(314, 168)
(314, 145)
(181, 34)
(181, 168)
(181, 145)
(93, 34)
(93, 168)
(93, 145)
(58, 34)
(58, 168)
(58, 145)
(1, 153)
(1, 233)
(1, 123)
(1, 42)
(1, 323)
(1, 219)
(292, 257)
(292, 138)
(292, 166)
(292, 95)
(292, 178)
(292, 92)
(292, 63)
(292, 27)
(292, 117)
(292, 171)
(257, 304)
(257, 247)
(257, 166)
(257, 343)
(257, 95)
(257, 178)
(257, 92)
(257, 175)
(257, 63)
(257, 27)
(138, 304)
(138, 247)
(138, 166)
(138, 343)
(138, 95)
(138, 178)
(138, 92)
(138, 175)
(138, 63)
(138, 27)
(166, 304)
(166, 247)
(166, 282)
(166, 343)
(166, 186)
(166, 254)
(166, 23)
(304, 57)
(304, 17)
(304, 348)
(304, 229)
(304, 49)
(304, 3)
(304, 282)
(304, 346)
(304, 151)
(304, 186)
(304, 340)
(304, 306)
(304, 249)
(304, 147)
(304, 23)
(247, 57)
(247, 17)
(247, 348)
(247, 229)
(247, 49)
(247, 3)
(247, 282)
(247, 346)
(247, 151)
(247, 186)
(247, 340)
(247, 306)
(247, 249)
(247, 147)
(247, 23)
(57, 99)
(57, 348)
(57, 229)
(57, 49)
(57, 3)
(57, 202)
(57, 50)
(57, 151)
(57, 147)
(57, 23)
(57, 340)
(57, 306)
(57, 249)
(17, 99)
(17, 348)
(17, 229)
(17, 49)
(17, 3)
(17, 202)
(17, 50)
(17, 151)
(17, 147)
(17, 23)
(17, 340)
(17, 306)
(17, 249)
(99, 348)
(99, 229)
(99, 49)
(99, 3)
(99, 202)
(99, 50)
(99, 151)
(99, 147)
(282, 23)
(348, 202)
(348, 50)
(348, 147)
(229, 202)
(229, 50)
(229, 147)
(49, 202)
(49, 50)
(49, 147)
(3, 202)
(3, 50)
(3, 147)
(305, 55)
(305, 288)
(141, 55)
(141, 288)
(269, 332)
(269, 290)
(269, 107)
(269, 272)
(269, 334)
(145, 168)
(145, 48)
(145, 216)
(325, 265)
(325, 160)
(325, 20)
(325, 36)
(265, 160)
(265, 20)
(168, 48)
(168, 216)
(36, 160)
(36, 20)
(36, 233)
(36, 323)
(36, 219)
(36, 1)
(36, 6)
(36, 235)
(36, 104)
(36, 155)
(36, 19)
(36, 82)
(160, 233)
(160, 31)
(160, 11)
(160, 6)
(160, 235)
(160, 104)
(20, 233)
(20, 31)
(20, 11)
(20, 6)
(20, 235)
(20, 104)
(323, 233)
(323, 123)
(323, 42)
(323, 235)
(323, 104)
(323, 68)
(323, 155)
(323, 19)
(219, 233)
(219, 123)
(219, 42)
(219, 235)
(219, 104)
(219, 68)
(219, 155)
(219, 19)
(233, 171)
(233, 123)
(233, 292)
(233, 6)
(233, 289)
(233, 235)
(233, 104)
(42, 214)
(42, 261)
(42, 44)
(42, 68)
(123, 171)
(123, 117)
(123, 292)
(123, 289)
(171, 63)
(171, 27)
(171, 117)
(171, 257)
(171, 138)
(171, 166)
(171, 289)
(63, 175)
(63, 304)
(63, 247)
(63, 166)
(27, 175)
(27, 304)
(27, 247)
(27, 166)
(175, 340)
(175, 306)
(175, 249)
(175, 57)
(175, 17)
(175, 304)
(175, 247)
(175, 166)
(175, 115)
(175, 300)
(175, 46)
(85, 340)
(85, 306)
(85, 249)
(85, 99)
(85, 57)
(85, 17)
(85, 293)
(85, 91)
(85, 347)
(85, 67)
(85, 300)
(85, 46)
(195, 42)
(195, 214)
(195, 68)
(195, 261)
(195, 44)
(195, 293)
(195, 91)
(340, 147)
(340, 23)
(340, 99)
(340, 348)
(340, 229)
(340, 49)
(340, 3)
(340, 347)
(340, 67)
(340, 162)
(340, 300)
(340, 46)
(306, 147)
(306, 23)
(306, 99)
(306, 348)
(306, 229)
(306, 49)
(306, 3)
(306, 347)
(306, 67)
(306, 162)
(306, 300)
(306, 46)
(249, 147)
(249, 23)
(249, 99)
(249, 348)
(249, 229)
(249, 49)
(249, 3)
(249, 347)
(249, 67)
(249, 162)
(249, 300)
(249, 46)
(23, 147)
(23, 348)
(23, 229)
(23, 49)
(23, 3)
(23, 162)
(23, 173)
(23, 335)
(23, 137)
(147, 173)
(147, 335)
(147, 137)
(147, 162)
(288, 55)
(288, 148)
(288, 9)
(334, 332)
(48, 273)
(48, 210)
(48, 170)
(48, 39)
(48, 37)
(48, 10)
(273, 36)
(273, 190)
(273, 82)
(273, 37)
(273, 10)
(273, 210)
(273, 170)
(273, 39)
(216, 48)
(37, 82)
(37, 235)
(37, 104)
(37, 155)
(37, 19)
(37, 36)
(37, 233)
(37, 323)
(37, 219)
(37, 121)
(37, 324)
(37, 321)
(37, 54)
(10, 82)
(10, 235)
(10, 104)
(10, 155)
(10, 19)
(10, 36)
(10, 233)
(10, 323)
(10, 219)
(10, 121)
(10, 324)
(10, 321)
(10, 54)
(82, 6)
(82, 235)
(82, 104)
(82, 155)
(82, 19)
(82, 160)
(82, 20)
(82, 233)
(82, 323)
(82, 219)
(82, 183)
(82, 275)
(82, 204)
(82, 324)
(82, 121)
(31, 165)
(31, 11)
(31, 6)
(31, 331)
(31, 4)
(31, 275)
(31, 204)
(31, 308)
(31, 75)
(165, 11)
(165, 77)
(165, 4)
(165, 331)
(155, 235)
(155, 104)
(155, 68)
(155, 233)
(155, 123)
(155, 42)
(155, 324)
(19, 235)
(19, 104)
(19, 68)
(19, 233)
(19, 123)
(19, 42)
(19, 324)
(235, 6)
(235, 289)
(235, 171)
(235, 123)
(235, 275)
(235, 204)
(104, 6)
(104, 289)
(104, 171)
(104, 123)
(104, 275)
(104, 204)
(6, 11)
(6, 289)
(6, 63)
(6, 27)
(6, 171)
(6, 123)
(6, 105)
(6, 275)
(6, 204)
(11, 289)
(11, 175)
(11, 63)
(11, 27)
(11, 171)
(11, 4)
(11, 105)
(68, 261)
(68, 44)
(68, 214)
(289, 63)
(289, 27)
(289, 117)
(289, 105)
(289, 268)
(289, 243)
(289, 134)
(289, 225)
(289, 129)
(289, 189)
(115, 347)
(115, 67)
(115, 300)
(115, 46)
(115, 85)
(115, 340)
(115, 306)
(115, 249)
(115, 193)
(115, 47)
(115, 287)
(115, 267)
(115, 24)
(300, 347)
(300, 67)
(300, 162)
(300, 147)
(300, 23)
(300, 193)
(300, 47)
(300, 122)
(46, 347)
(46, 67)
(46, 162)
(46, 147)
(46, 23)
(46, 193)
(46, 47)
(46, 122)
(347, 293)
(347, 91)
(347, 162)
(347, 147)
(347, 29)
(347, 193)
(347, 47)
(67, 293)
(67, 91)
(67, 162)
(67, 147)
(67, 29)
(67, 193)
(67, 47)
(293, 261)
(293, 44)
(293, 29)
(91, 261)
(91, 44)
(91, 29)
(261, 214)
(261, 29)
(44, 214)
(44, 29)
(162, 173)
(162, 335)
(162, 137)
(162, 15)
(335, 173)
(335, 248)
(335, 15)
(137, 173)
(137, 248)
(137, 15)
(173, 239)
(173, 30)
(173, 248)
(248, 239)
(248, 30)
(248, 118)
(239, 118)
(239, 84)
(30, 118)
(30, 84)
(118, 130)
(114, 7)
(114, 190)
(114, 283)
(114, 232)
(114, 139)
(210, 190)
(210, 82)
(210, 37)
(210, 10)
(210, 36)
(210, 121)
(210, 54)
(210, 344)
(170, 190)
(170, 82)
(170, 37)
(170, 10)
(170, 36)
(170, 121)
(170, 54)
(170, 344)
(39, 190)
(39, 82)
(39, 37)
(39, 10)
(39, 36)
(39, 121)
(39, 54)
(39, 344)
(190, 82)
(190, 37)
(190, 10)
(190, 160)
(190, 20)
(190, 36)
(190, 183)
(190, 121)
(190, 54)
(7, 61)
(7, 165)
(7, 31)
(7, 160)
(7, 20)
(7, 342)
(7, 212)
(7, 331)
(7, 308)
(7, 75)
(7, 183)
(7, 283)
(7, 232)
(61, 165)
(61, 31)
(61, 77)
(61, 331)
(61, 308)
(61, 75)
(61, 342)
(61, 212)
(54, 121)
(54, 324)
(54, 321)
(54, 82)
(54, 235)
(54, 104)
(54, 155)
(54, 19)
(121, 183)
(121, 275)
(121, 204)
(121, 324)
(121, 6)
(121, 235)
(121, 104)
(121, 155)
(121, 19)
(183, 308)
(183, 75)
(183, 275)
(183, 204)
(183, 31)
(183, 11)
(183, 6)
(183, 235)
(183, 104)
(308, 331)
(308, 4)
(308, 275)
(308, 204)
(308, 165)
(308, 11)
(308, 6)
(75, 331)
(75, 4)
(75, 275)
(75, 204)
(75, 165)
(75, 11)
(75, 6)
(331, 4)
(331, 11)
(321, 324)
(321, 223)
(321, 155)
(321, 19)
(321, 68)
(324, 235)
(324, 104)
(324, 68)
(275, 105)
(275, 11)
(275, 289)
(204, 105)
(204, 11)
(204, 289)
(4, 105)
(4, 115)
(4, 286)
(4, 349)
(4, 144)
(238, 321)
(238, 223)
(238, 68)
(238, 76)
(161, 321)
(161, 223)
(161, 68)
(161, 76)
(105, 287)
(105, 267)
(105, 24)
(105, 268)
(105, 243)
(105, 134)
(105, 225)
(105, 129)
(105, 349)
(105, 144)
(105, 128)
(223, 68)
(223, 261)
(223, 44)
(223, 293)
(223, 91)
(189, 225)
(189, 129)
(189, 280)
(225, 268)
(225, 243)
(225, 134)
(225, 313)
(225, 102)
(129, 268)
(129, 243)
(129, 134)
(129, 313)
(129, 102)
(268, 287)
(268, 267)
(268, 24)
(268, 122)
(268, 313)
(268, 128)
(268, 102)
(243, 287)
(243, 267)
(243, 24)
(243, 122)
(243, 313)
(243, 128)
(243, 102)
(134, 287)
(134, 267)
(134, 24)
(134, 122)
(134, 313)
(134, 128)
(134, 102)
(287, 122)
(287, 313)
(287, 300)
(287, 46)
(287, 162)
(287, 102)
(287, 128)
(267, 122)
(267, 313)
(267, 300)
(267, 46)
(267, 162)
(267, 102)
(267, 128)
(24, 122)
(24, 313)
(24, 300)
(24, 46)
(24, 162)
(24, 102)
(24, 128)
(193, 29)
(193, 293)
(193, 91)
(193, 162)
(193, 176)
(193, 70)
(47, 29)
(47, 293)
(47, 91)
(47, 162)
(47, 176)
(47, 70)
(313, 122)
(313, 15)
(313, 335)
(313, 137)
(313, 234)
(313, 192)
(313, 45)
(313, 182)
(313, 102)
(122, 15)
(122, 162)
(122, 173)
(122, 335)
(122, 137)
(122, 234)
(122, 192)
(122, 45)
(29, 158)
(15, 173)
(15, 248)
(15, 307)
(97, 277)
(97, 187)
(97, 84)
(97, 112)
(253, 139)
(253, 310)
(253, 114)
(253, 271)
(253, 116)
(253, 316)
(253, 81)
(253, 252)
(253, 177)
(84, 277)
(84, 187)
(84, 150)
(84, 8)
(84, 25)
(277, 150)
(277, 8)
(277, 25)
(187, 150)
(187, 8)
(187, 25)
(294, 310)
(294, 344)
(294, 146)
(294, 190)
(294, 210)
(294, 170)
(294, 39)
(294, 252)
(310, 139)
(310, 344)
(310, 114)
(310, 190)
(310, 210)
(310, 170)
(310, 39)
(310, 316)
(310, 81)
(310, 222)
(310, 252)
(139, 283)
(139, 232)
(139, 7)
(139, 190)
(139, 271)
(139, 116)
(139, 78)
(139, 222)
(139, 316)
(139, 81)
(130, 342)
(130, 212)
(130, 283)
(130, 232)
(130, 61)
(130, 7)
(130, 131)
(130, 172)
(130, 33)
(130, 227)
(130, 113)
(130, 78)
(150, 146)
(150, 329)
(150, 25)
(8, 146)
(8, 329)
(8, 25)
(146, 344)
(146, 54)
(146, 210)
(146, 170)
(146, 39)
(146, 37)
(146, 10)
(146, 110)
(344, 121)
(344, 54)
(344, 190)
(344, 82)
(344, 37)
(344, 10)
(344, 110)
(283, 342)
(283, 212)
(283, 331)
(283, 308)
(283, 75)
(283, 183)
(283, 61)
(283, 165)
(283, 31)
(283, 227)
(283, 113)
(283, 78)
(232, 342)
(232, 212)
(232, 331)
(232, 308)
(232, 75)
(232, 183)
(232, 61)
(232, 165)
(232, 31)
(232, 227)
(232, 113)
(232, 78)
(342, 331)
(342, 308)
(342, 75)
(342, 165)
(342, 31)
(342, 172)
(342, 33)
(342, 227)
(342, 113)
(212, 331)
(212, 308)
(212, 75)
(212, 165)
(212, 31)
(212, 172)
(212, 33)
(212, 227)
(212, 113)
(110, 76)
(110, 54)
(110, 324)
(110, 321)
(110, 238)
(110, 161)
(76, 321)
(76, 223)
(349, 286)
(349, 128)
(349, 287)
(349, 267)
(349, 24)
(349, 268)
(349, 243)
(349, 134)
(349, 326)
(144, 286)
(144, 128)
(144, 287)
(144, 267)
(144, 24)
(144, 268)
(144, 243)
(144, 134)
(144, 326)
(286, 176)
(286, 70)
(286, 128)
(286, 193)
(286, 47)
(286, 287)
(286, 267)
(286, 24)
(286, 326)
(280, 225)
(280, 129)
(280, 218)
(280, 159)
(280, 259)
(280, 245)
(280, 207)
(128, 102)
(128, 122)
(128, 313)
(128, 338)
(128, 339)
(128, 303)
(176, 29)
(176, 338)
(70, 29)
(70, 338)
(102, 234)
(102, 192)
(102, 45)
(102, 182)
(102, 122)
(102, 15)
(102, 339)
(102, 303)
(102, 135)
(102, 327)
(241, 182)
(241, 251)
(241, 284)
(182, 234)
(182, 192)
(182, 45)
(182, 307)
(182, 251)
(182, 327)
(234, 307)
(234, 15)
(234, 135)
(234, 327)
(192, 307)
(192, 15)
(192, 135)
(192, 327)
(45, 307)
(45, 15)
(45, 135)
(45, 327)
(284, 251)
(284, 111)
(284, 69)
(284, 127)
(284, 132)
(251, 177)
(251, 111)
(251, 69)
(251, 127)
(251, 253)
(251, 132)
(307, 177)
(307, 253)
(307, 5)
(53, 299)
(53, 84)
(53, 311)
(53, 285)
(53, 184)
(299, 112)
(299, 97)
(299, 277)
(299, 187)
(299, 84)
(299, 285)
(299, 184)
(299, 311)
(112, 277)
(112, 187)
(112, 84)
(112, 285)
(112, 184)
(127, 111)
(127, 69)
(127, 252)
(127, 310)
(127, 294)
(127, 132)
(111, 177)
(111, 316)
(111, 81)
(111, 252)
(111, 253)
(111, 139)
(111, 310)
(111, 294)
(111, 132)
(69, 177)
(69, 316)
(69, 81)
(69, 252)
(69, 253)
(69, 139)
(69, 310)
(69, 294)
(69, 132)
(177, 271)
(177, 116)
(177, 316)
(177, 81)
(177, 252)
(177, 139)
(177, 310)
(252, 316)
(252, 81)
(252, 222)
(252, 139)
(252, 344)
(316, 271)
(316, 116)
(316, 78)
(316, 222)
(316, 283)
(316, 232)
(316, 270)
(316, 103)
(316, 86)
(81, 271)
(81, 116)
(81, 78)
(81, 222)
(81, 283)
(81, 232)
(81, 270)
(81, 103)
(81, 86)
(271, 227)
(271, 113)
(271, 78)
(271, 222)
(271, 130)
(271, 342)
(271, 212)
(271, 283)
(271, 232)
(271, 87)
(271, 79)
(271, 270)
(271, 103)
(271, 86)
(116, 227)
(116, 113)
(116, 78)
(116, 222)
(116, 130)
(116, 342)
(116, 212)
(116, 283)
(116, 232)
(116, 87)
(116, 79)
(116, 270)
(116, 103)
(116, 86)
(131, 291)
(131, 71)
(131, 172)
(131, 33)
(131, 227)
(131, 113)
(131, 342)
(131, 212)
(131, 32)
(131, 258)
(131, 108)
(131, 298)
(131, 136)
(25, 329)
(25, 146)
(25, 318)
(25, 264)
(25, 228)
(222, 78)
(222, 283)
(222, 232)
(222, 308)
(222, 75)
(222, 183)
(222, 121)
(222, 270)
(222, 103)
(222, 86)
(78, 227)
(78, 113)
(78, 342)
(78, 212)
(78, 331)
(78, 308)
(78, 75)
(78, 183)
(78, 270)
(78, 103)
(78, 86)
(227, 172)
(227, 33)
(227, 331)
(227, 308)
(227, 75)
(113, 172)
(113, 33)
(113, 331)
(113, 308)
(113, 75)
(172, 291)
(172, 71)
(172, 331)
(172, 258)
(172, 108)
(33, 291)
(33, 71)
(33, 331)
(33, 258)
(33, 108)
(291, 318)
(291, 264)
(291, 228)
(291, 258)
(291, 108)
(71, 318)
(71, 264)
(71, 228)
(71, 258)
(71, 108)
(329, 110)
(329, 146)
(274, 2)
(274, 278)
(274, 35)
(274, 250)
(274, 60)
(274, 279)
(274, 317)
(274, 302)
(274, 188)
(100, 326)
(100, 286)
(100, 349)
(100, 144)
(100, 80)
(100, 96)
(199, 76)
(199, 341)
(199, 96)
(198, 76)
(198, 341)
(198, 96)
(250, 278)
(250, 35)
(250, 218)
(250, 159)
(250, 245)
(250, 207)
(250, 280)
(250, 317)
(250, 302)
(250, 345)
(250, 205)
(60, 278)
(60, 35)
(60, 218)
(60, 159)
(60, 245)
(60, 207)
(60, 280)
(60, 317)
(60, 302)
(60, 345)
(60, 205)
(278, 2)
(278, 218)
(278, 159)
(278, 245)
(278, 207)
(278, 280)
(278, 345)
(278, 205)
(278, 317)
(278, 302)
(35, 2)
(35, 218)
(35, 159)
(35, 245)
(35, 207)
(35, 280)
(35, 345)
(35, 205)
(35, 317)
(35, 302)
(2, 218)
(2, 159)
(2, 349)
(2, 144)
(2, 128)
(2, 345)
(2, 205)
(326, 176)
(326, 70)
(326, 128)
(326, 96)
(326, 191)
(245, 218)
(245, 159)
(245, 259)
(245, 345)
(245, 205)
(245, 197)
(245, 65)
(207, 218)
(207, 159)
(207, 259)
(207, 345)
(207, 205)
(207, 197)
(207, 65)
(218, 259)
(218, 102)
(218, 43)
(218, 197)
(218, 345)
(218, 205)
(159, 259)
(159, 102)
(159, 43)
(159, 197)
(159, 345)
(159, 205)
(259, 182)
(259, 241)
(259, 309)
(259, 333)
(259, 197)
(339, 338)
(339, 156)
(339, 152)
(339, 125)
(339, 135)
(339, 327)
(339, 234)
(339, 192)
(339, 45)
(339, 312)
(339, 89)
(303, 338)
(303, 156)
(303, 152)
(303, 125)
(303, 135)
(303, 327)
(303, 234)
(303, 192)
(303, 45)
(303, 312)
(303, 89)
(338, 156)
(338, 152)
(338, 125)
(338, 135)
(338, 119)
(338, 240)
(338, 89)
(338, 312)
(327, 135)
(327, 307)
(327, 255)
(135, 156)
(135, 152)
(135, 125)
(135, 164)
(135, 307)
(135, 89)
(135, 169)
(135, 255)
(156, 164)
(156, 53)
(156, 240)
(156, 169)
(156, 255)
(156, 89)
(152, 164)
(152, 53)
(152, 240)
(152, 169)
(152, 255)
(152, 89)
(125, 164)
(125, 53)
(125, 240)
(125, 169)
(125, 255)
(125, 89)
(164, 5)
(164, 53)
(164, 169)
(311, 285)
(311, 184)
(311, 112)
(311, 206)
(311, 56)
(132, 177)
(132, 316)
(132, 81)
(132, 252)
(132, 336)
(132, 328)
(132, 120)
(5, 298)
(5, 136)
(5, 87)
(5, 79)
(5, 131)
(5, 271)
(5, 116)
(285, 211)
(285, 32)
(285, 25)
(285, 260)
(285, 213)
(184, 211)
(184, 32)
(184, 25)
(184, 260)
(184, 213)
(87, 298)
(87, 136)
(87, 270)
(87, 103)
(87, 86)
(87, 131)
(87, 172)
(87, 33)
(87, 227)
(87, 113)
(87, 78)
(79, 298)
(79, 136)
(79, 270)
(79, 103)
(79, 86)
(79, 131)
(79, 172)
(79, 33)
(79, 227)
(79, 113)
(79, 78)
(298, 32)
(298, 258)
(298, 108)
(298, 291)
(298, 71)
(298, 172)
(298, 33)
(298, 227)
(298, 113)
(136, 32)
(136, 258)
(136, 108)
(136, 291)
(136, 71)
(136, 172)
(136, 33)
(136, 227)
(136, 113)
(32, 211)
(32, 318)
(32, 264)
(32, 228)
(32, 258)
(32, 108)
(32, 291)
(32, 71)
(32, 172)
(32, 33)
(32, 260)
(32, 213)
(32, 167)
(211, 318)
(211, 264)
(211, 228)
(211, 258)
(211, 108)
(211, 25)
(211, 329)
(211, 291)
(211, 71)
(211, 167)
(211, 260)
(211, 213)
(270, 227)
(270, 113)
(103, 227)
(103, 113)
(86, 227)
(86, 113)
(258, 318)
(258, 264)
(258, 228)
(258, 167)
(108, 318)
(108, 264)
(108, 228)
(108, 167)
(318, 329)
(318, 167)
(264, 329)
(264, 167)
(228, 329)
(228, 167)
